<?xml version="1.0" encoding="utf-8" ?>
<kml xmlns="http://www.opengis.net/kml/2.2">
<Document id="root_doc">
<Schema name="CoS_LAP_boundaries_Feb2025" id="CoS_LAP_boundaries_Feb2025">
	<SimpleField name="lap_name" type="string"></SimpleField>
	<SimpleField name="user_mod" type="string"></SimpleField>
	<SimpleField name="date_mod" type="string"></SimpleField>
	<SimpleField name="date_created" type="string"></SimpleField>
	<SimpleField name="sourced" type="string"></SimpleField>
	<SimpleField name="MI_PRINX" type="int"></SimpleField>
</Schema>
<Folder><name>CoS_LAP_boundaries_Feb2025</name>
  <Placemark>
	<Style><LineStyle><color>ff0000ff</color></LineStyle><PolyStyle><fill>0</fill></PolyStyle></Style>
	<ExtendedData><SchemaData schemaUrl="#CoS_LAP_boundaries_Feb2025">
		<SimpleData name="lap_name">Altone</SimpleData>
		<SimpleData name="user_mod">james-s</SimpleData>
		<SimpleData name="date_mod">2022/03/02 11:57:22.206</SimpleData>
		<SimpleData name="sourced">2024/04/16 10:17:54.846</SimpleData>
		<SimpleData name="MI_PRINX">1</SimpleData>
	</SchemaData></ExtendedData>
      <Polygon><outerBoundaryIs><LinearRing><coordinates>115.964075517911,-31.8618416681179 115.963964182432,-31.8621559930698 115.963850667415,-31.8625092645588 115.963751762704,-31.8629355327356 115.963643626374,-31.8635323746671 115.963396333536,-31.86646133928 115.962747014341,-31.8687585439081 115.962373109341,-31.869726623243 115.962016166416,-31.8704328229576 115.961414219758,-31.8713453711303 115.960342149342,-31.8727309334131 115.959999412469,-31.8727287616998 115.959992755228,-31.8738956496671 115.960256895627,-31.8738951942554 115.960240284958,-31.8739692890863 115.960224413295,-31.8740396917101 115.960176836339,-31.8745113829727 115.960134840109,-31.8749285518112 115.960132395651,-31.8753479382615 115.960158837227,-31.8754386199969 115.960237234,-31.8755060956072 115.960240142232,-31.8755421071585 115.960261026616,-31.8758015882919 115.96025998066,-31.8758015797378 115.960228756145,-31.8760125608728 115.960170195142,-31.8764065044387 115.960145300422,-31.8765738829017 115.960082013784,-31.8770004382191 115.960283877215,-31.8776168576975 115.960298713575,-31.87766198624 115.959980714226,-31.8779315934576 115.959822405821,-31.8779311100115 115.958980389613,-31.8779286372325 115.958406695155,-31.8787404722123 115.958257068077,-31.878952286633 115.95818495178,-31.8790315181216 115.957899130798,-31.8793457591705 115.95777554892,-31.8794818423629 115.957404466424,-31.8799042484386 115.957042880007,-31.8804352357719 115.956712775209,-31.8810113974622 115.956701245133,-31.8810520709409 115.956598610696,-31.881030934832 115.956511416924,-31.8809625727978 115.956459227656,-31.8809752227894 115.956729338827,-31.8817926205012 115.95703411262,-31.8817934979089 115.956992663722,-31.8819748101977 115.956910954021,-31.8823093034754 115.95685183999,-31.8830600508508 115.956660459909,-31.8835872921704 115.956652292699,-31.8836544201585 115.956500965005,-31.8849050813843 115.956467026285,-31.8851855790417 115.956166856156,-31.8876661752691 115.956018031772,-31.8876659451078 115.955951343371,-31.88766512669 115.955889174197,-31.8876656081219 115.955804344721,-31.8876653622984 115.951920485622,-31.8876629807995 115.949778598431,-31.8876615366712 115.949760735086,-31.887660667386 115.949259754381,-31.8876230648872 115.948657264955,-31.8875645975605 115.948078161447,-31.8875197597495 115.947686787294,-31.887496406875 115.944501604103,-31.8875132004563 115.944482248566,-31.8875132200848 115.944482247539,-31.8875133101247 115.944482073297,-31.8875133086777 115.94448246069,-31.8876092790549 115.944482606552,-31.88765762456 115.941048891314,-31.8876556714578 115.941016981097,-31.8876556762714 115.940979317427,-31.887655632881 115.940696399644,-31.8876555302406 115.940632406008,-31.8876554479306 115.940555159395,-31.8876554354824 115.940344344956,-31.8876553016402 115.940247569272,-31.8876552165046 115.940131002442,-31.8876551463682 115.939991418457,-31.8876550647938 115.939862994256,-31.8876549858357 115.939820621554,-31.8876549931349 115.939628291176,-31.887654831918 115.939435873369,-31.8876546696805 115.939255398716,-31.8876546068206 115.9392179093,-31.8876545646225 115.939051210989,-31.8876544360858 115.938973005444,-31.8876544146717 115.938615284257,-31.8876541339795 115.938474131205,-31.8876540373759 115.938407956966,-31.8876540260431 115.937439589757,-31.8876533305761 115.936955536762,-31.8876529811673 115.936802700957,-31.8876528753082 115.935508696294,-31.8876519661578 115.935484530684,-31.8876608734891 115.935148279183,-31.8877874860504 115.935094604742,-31.8878074203462 115.934770165808,-31.8879529813991 115.934749808595,-31.887964265404 115.934556254505,-31.8880703354237 115.934431717655,-31.8879219136372 115.934189880319,-31.8876176444017 115.934225755252,-31.8875989143111 115.934225930533,-31.8875988254723 115.934019379861,-31.8872891696316 115.933971821563,-31.8872095800705 115.933731044692,-31.8873129076398 115.933714311848,-31.8873198927991 115.933436200867,-31.8874928972871 115.933435231533,-31.8871609737663 115.933434956261,-31.8870108877612 115.933434747036,-31.8869760711495 115.933434209834,-31.8867957678355 115.933434099879,-31.886744807125 115.933433894567,-31.8866794144634 115.933433631626,-31.8865206701206 115.93343331172,-31.8864349825754 115.933433250468,-31.8864251509211 115.933431931921,-31.8859495445368 115.93343184086,-31.8858893842164 115.933431304327,-31.88570899083 115.93343049549,-31.885393393597 115.933430046369,-31.8852130009306 115.933429433665,-31.8850089759694 115.933429150372,-31.8848974029426 115.933428931517,-31.8848331825992 115.933428791655,-31.8847621083146 115.933428517513,-31.8846573001757 115.933428158791,-31.8845220052825 115.933428016069,-31.8844814167536 115.933427514934,-31.8843055333295 115.933427014444,-31.8841447124414 115.933427015025,-31.8841219833105 115.93342659872,-31.8839538572375 115.933426097561,-31.8837779737991 115.933425764133,-31.8836253619718 115.933424683949,-31.8832500538046 115.933424557528,-31.8832459037534 115.933424232392,-31.8830925705556 115.933422961648,-31.8826506067613 115.933422307011,-31.8824048213145 115.933421983956,-31.8823042517672 115.933420861986,-31.8818266625486 115.933419877804,-31.8814203279564 115.933419782935,-31.8813983197035 115.933419592748,-31.8813467268985 115.933419023913,-31.881108608727 115.933418952629,-31.881084526175 115.933418843264,-31.8810486277076 115.933416722781,-31.8802264869509 115.933416671235,-31.8802006910394 115.933416522788,-31.8801379143576 115.933415866948,-31.8798922188555 115.933415479316,-31.8797442968077 115.933415343562,-31.8796577089345 115.933415096697,-31.8796034998127 115.933414146153,-31.8792244945345 115.933410627176,-31.8778881424746 115.933410120073,-31.8776749183999 115.933409747232,-31.8775559485557 115.933409420249,-31.8774405870168 115.933409231619,-31.8773510223872 115.933409144966,-31.8772601955917 115.9334087189,-31.8771685544705 115.933408520913,-31.8770798012356 115.933408070351,-31.8768994986387 115.933407426382,-31.8766830261749 115.933407189282,-31.8765673947091 115.93340631702,-31.8762118405052 115.93340620307,-31.8762066081513 115.93340566369,-31.8759810270752 115.933405669061,-31.875972999796 115.933404959293,-31.8757016885473 115.933404957389,-31.8756942925869 115.933407888855,-31.8753566287293 115.933407400695,-31.875050955158 115.933407114848,-31.8749471388613 115.933406977256,-31.8747850580296 115.933406771949,-31.8746364154477 115.933406512397,-31.8745757122788 115.93340651968,-31.874514560585 115.933406157132,-31.8743341683478 115.933406043933,-31.8742531724465 115.933405881683,-31.8741537768363 115.933405605188,-31.8739734753595 115.933405478957,-31.8739465963936 115.933405314813,-31.8738246519488 115.933405128166,-31.8736743860267 115.933405121947,-31.8735992537951 115.933404946369,-31.8735388219871 115.933404758312,-31.8734189518325 115.933404405565,-31.8732150187364 115.933404367479,-31.8731123769415 115.933404330594,-31.8730777420599 115.933404054913,-31.8729049268168 115.933403704725,-31.872662931844 115.93340355908,-31.8726226136235 115.933403526016,-31.8726027704069 115.933403222757,-31.8724096612172 115.933403196948,-31.8724043395512 115.933402922439,-31.8722238576861 115.933402802046,-31.8720753963763 115.933402433811,-31.8718500870005 115.93340252141,-31.8718273588174 115.933403306841,-31.8717591781315 115.933404091403,-31.8716683588278 115.933188341404,-31.8716685329102 115.932632272735,-31.8716690069879 115.932438576798,-31.8716691845836 115.93242802934,-31.8716691863293 115.93213966467,-31.8716694705785 115.932076291239,-31.8716694793649 115.931863504789,-31.8716696760903 115.931280848565,-31.8716701915533 115.93127771055,-31.871670165176 115.931277623444,-31.8716701644438 115.931066231669,-31.8716703715576 115.929702865551,-31.8716715292508 115.927411383072,-31.8716734141252 115.927199991471,-31.8716736150698 115.926988686988,-31.8716738161377 115.92677729541,-31.8716740161192 115.926565903838,-31.8716742160093 115.926354600431,-31.8716743257235 115.926106247963,-31.8716745734434 115.925974183317,-31.8716746303546 115.925910634716,-31.8716747248954 115.92574160916,-31.8716748302902 115.925678147667,-31.8716749254508 115.925519669879,-31.8716750293676 115.925223808789,-31.8716753246205 115.9250651589,-31.8716752461587 115.925002043743,-31.8716755242669 115.925001782428,-31.8716755220574 115.924997773051,-31.8716754881577 115.924865881917,-31.8716756356929 115.924843391769,-31.8716756258676 115.924683694952,-31.8716756281248 115.924619884735,-31.8716757198076 115.923267423326,-31.8716762693162 115.921984609951,-31.8716769437024 115.921887936416,-31.8716770260323 115.921794404358,-31.8716768642639 115.921576563851,-31.8716769108572 115.921358721572,-31.8716771374191 115.921140968194,-31.8716771837447 115.920920949873,-31.8716771206861 115.920889306952,-31.8716771225277 115.920688462351,-31.8716774021581 115.9204876206,-31.8716774105695 115.920286779173,-31.8716774189265 115.920075386856,-31.8716776980627 115.919863997706,-31.8716777062086 115.919652608566,-31.8716777140031 115.91944121596,-31.871677992082 115.919208992987,-31.8716780024304 115.919062718386,-31.8716782020301 115.919061410858,-31.8716781909138 115.918998124719,-31.8716781941812 115.918892385563,-31.8716782872015 115.918723361329,-31.871678292965 115.918416866894,-31.8716784819397 115.918135130699,-31.8716785201347 115.918069577522,-31.8716785936975 115.91790046516,-31.8716786879252 115.917730918018,-31.8716786879182 115.917366394746,-31.8716765765593 115.917319684684,-31.8711312239673 115.917272137214,-31.8704786231639 115.917221738193,-31.869510858564 115.917189685589,-31.8682861958987 115.917165906347,-31.8673454452332 115.917159012228,-31.8668615832786 115.917145033329,-31.8658878147707 115.917133186185,-31.864672072261 115.917121826549,-31.8634295458441 115.917115977967,-31.8589496222409 115.91719822583,-31.8555295112318 115.917232305895,-31.8534262816507 115.917261376386,-31.8516545641571 115.91723896238,-31.8494258425362 115.917258637526,-31.8477642621751 115.917283039208,-31.8456755589623 115.917315345626,-31.8434620027144 115.917315095095,-31.8413347556372 115.918840156196,-31.8417767836774 115.920475153292,-31.8427696443177 115.92103944121,-31.8432009635896 115.921631135907,-31.8437338914798 115.92193852851,-31.8440756299358 115.922229047345,-31.8444522200743 115.923399989611,-31.8459025480105 115.924624800914,-31.8472648398547 115.925106475839,-31.8480154539572 115.925309960161,-31.8485797186662 115.925374842947,-31.8493650522804 115.925087424089,-31.8525203438611 115.928186075216,-31.8524959858209 115.928219084577,-31.8555190528205 115.928219152472,-31.8556111421958 115.929331251803,-31.8556042747222 115.933628897663,-31.8555896030837 115.938334452043,-31.8556038074729 115.943039838549,-31.8556178363141 115.947745405821,-31.8556316925109 115.951435808903,-31.8556356556325 115.952802137215,-31.8556371725879 115.952828217825,-31.8557278529801 115.953334197839,-31.8575527866589 115.953384358438,-31.8577339503711 115.954222492469,-31.8577320062068 115.954224968524,-31.8586707770393 115.955284099492,-31.8595694373833 115.956090094312,-31.8595669464242 115.956141994587,-31.8605224483241 115.956275675318,-31.8605322943801 115.957064132943,-31.8606095664037 115.957779693446,-31.8607051771256 115.958358320955,-31.8607934387433 115.959281702981,-31.8609487386231 115.960117329665,-31.8610951065245 115.961076000768,-31.8612830619119 115.962161205681,-31.8615046936972 115.963317760163,-31.8617144508945 115.964075517911,-31.8618416681179</coordinates></LinearRing></outerBoundaryIs></Polygon>
  </Placemark>
</Folder>
</Document></kml>
